seq,actor,ani,no,file,x,y,w,h
1,1,1,0,lina_kick1_00.png,0.460525095,0,76,166
2,1,1,1,lina_kick1_01.png,0.178080902,-0.006024096,73,166
3,1,1,2,lina_kick1_02.png,-0.164384797,0,73,158
4,1,1,3,lina_kick1_03.png,-0.272728294,0,88,156
5,1,1,4,lina_kick1_04.png,-0.808220387,-0.059171598,73,169
6,1,1,5,lina_kick1_05.png,-0.523077607,-0.089285716,130,168
7,1,1,6,lina_kick1_06.png,-0.808989823,-0.063694268,89,157
8,1,1,7,lina_kick1_07.png,-1.043478966,-0.006289308,92,159
9,1,1,8,lina_kick1_08.png,-1.290699005,0,86,159
10,1,1,9,lina_kick1_09.png,-1.365854979,0,82,161
11,1,1,10,lina_kick1_10.png,-1.447370052,0,76,162
12,1,1,11,lina_kick1_11.png,-1.41892004,0,74,160
13,1,1,12,lina_kick1_12.png,-1.259740949,-0.006329114,77,158
14,1,1,13,lina_kick1_13.png,-1.192309022,0,78,164
15,1,1,14,lina_kick1_14.png,-1.276317,0,76,167
16,1,1,15,lina_kick1_15.png,-1.285714984,0.005952381,77,168
17,1,1,16,lina_kick1_16.png,-1.360000968,0.005952381,75,168
18,1,1,17,lina_kick1_17.png,-1.373335004,0,75,166
19,1,2,0,lina_kick2_00.png,0.479998797,0,75,165
20,1,2,1,lina_kick2_01.png,0.216215,-0.006802721,74,147
21,1,2,2,lina_kick2_02.png,-0.092106469,0,76,166
22,1,2,3,lina_kick2_03.png,-0.318182886,-0.115853697,88,164
23,1,2,4,lina_kick2_04.png,-0.283582807,-0.094936714,134,158
24,1,2,5,lina_kick2_05.png,-0.494950414,0.006410256,99,156
25,1,2,6,lina_kick2_06.png,-0.65217489,0,92,160
26,1,2,7,lina_kick2_07.png,-0.65217489,0,92,167
27,1,2,8,lina_kick2_08.png,-0.804879189,0,82,171
28,1,2,9,lina_kick2_09.png,-0.947369576,0,76,166
29,1,2,10,lina_kick2_10.png,-0.96104008,0.006097561,77,164
30,1,2,11,lina_kick2_11.png,-0.960001171,0,75,165
31,1,2,12,lina_kick2_12.png,-0.933334529,0,75,167
32,1,2,13,lina_kick2_13.png,-0.933334529,0,75,167
33,1,2,14,lina_kick2_14.png,-0.907895923,0,76,166
34,1,3,0,lina_kick3_00.png,0.472971708,0,74,166
35,1,3,1,lina_kick3_01.png,0.415583193,0,77,151
36,1,3,2,lina_kick3_02.png,0.129868895,-0.100000001,77,170
37,1,3,3,lina_kick3_03.png,-0.484376401,-0.208589002,64,163
38,1,3,4,lina_kick3_04.png,-0.2480627,-0.089285716,129,168
39,1,3,5,lina_kick3_05.png,-0.784811318,-0.05952381,79,168
40,1,3,6,lina_kick3_06.png,-0.718751013,-0.01204819,96,166
41,1,3,7,lina_kick3_07.png,-0.89899081,0.006410256,99,156
42,1,3,8,lina_kick3_08.png,-1.139242053,0.006849315,79,146
43,1,3,9,lina_kick3_09.png,-1.12658298,0.006849315,79,146
44,1,3,10,lina_kick3_10.png,-1.141026974,0.006896552,78,145
45,1,3,11,lina_kick3_11.png,-1.153846979,0.006802721,78,147
46,1,3,12,lina_kick3_12.png,-1.155845046,0.006493506,77,154
47,1,3,13,lina_kick3_13.png,-1.112501025,0.00621118,80,161
48,1,3,14,lina_kick3_14.png,-1.250000954,0,76,164
49,1,3,15,lina_kick3_15.png,-1.23684299,0,76,165
50,1,3,16,lina_kick3_16.png,-1.207792997,0,77,165
51,1,3,17,lina_kick3_17.png,-1.23684299,0,76,166
52,1,4,0,lina_walk_00.png,0.426665515,0.006024096,75,166
53,1,4,1,lina_walk_01.png,0.426665515,0.006024096,75,166
54,1,4,2,lina_walk_02.png,0.439998806,-0.006134969,75,163
55,1,4,3,lina_walk_03.png,0.466665387,0.006097561,75,164
56,1,4,4,lina_walk_04.png,0.486485213,0.01219512,74,164
57,1,4,5,lina_walk_05.png,0.493332088,0.01212121,75,165
58,1,4,6,lina_walk_06.png,0.473683,0.01204819,76,166
59,1,4,7,lina_walk_07.png,0.441557288,0,77,165
60,1,4,8,lina_walk_08.png,0.42499879,-0.006097561,80,164
61,1,4,9,lina_walk_09.png,0.471263289,0,87,164
62,1,4,10,lina_walk_10.png,0.46511519,0.006097561,86,164
63,1,4,11,lina_walk_11.png,0.413332105,0.006060606,75,165
64,1,4,12,lina_walk_12.png,0.426665515,0.006024096,75,166
65,1,5,0,lina_run_00.png,0.486485213,0.005952381,74,168
66,1,5,1,lina_run_01.png,0.479998797,0,75,166
67,1,5,2,lina_run_02.png,0.373332113,-0.01807229,75,166
68,1,5,3,lina_run_03.png,0.259739101,-0.00591716,77,169
69,1,5,4,lina_run_04.png,0.136985004,0.01190476,73,168
70,1,5,5,lina_run_05.png,0.121620402,0.01807229,74,166
71,1,5,6,lina_run_06.png,0.311687112,0,77,164
72,1,5,7,lina_run_07.png,0.463413507,-0.005882353,82,170
73,1,5,8,lina_run_08.png,0.486485213,0.005952381,74,168
74,2,6,0,knight_walk_00.png,0.280700088,-0.006535948,57,153
75,2,6,1,knight_walk_01.png,0.349204898,-0.006535948,63,153
76,2,6,2,knight_walk_02.png,0.444443196,-0.02,72,150
77,2,6,3,knight_walk_03.png,0.499998808,0,76,152
78,2,6,4,knight_walk_04.png,0.513512313,0,74,151
79,2,6,5,knight_walk_05.png,0.437498599,0.006578947,64,152
80,2,6,6,knight_walk_06.png,0.366665214,0,60,153
81,2,6,7,knight_walk_07.png,0.410255194,-0.006535948,78,153
82,2,6,8,knight_walk_08.png,0.432988703,-0.019867551,97,151
83,2,6,9,knight_walk_09.png,0.510203123,-0.01324503,98,151
84,2,6,10,knight_walk_10.png,0.516128123,-0.006622517,93,151
85,2,6,11,knight_walk_11.png,0.448716789,-0.006578947,78,152
86,2,6,12,knight_walk_12.png,0.280700088,-0.006535948,57,153
87,2,7,0,knight_kick1_00.png,0.447367191,-0.01298701,76,154
88,2,7,1,knight_kick1_01.png,-0.220001802,-0.01298701,50,154
89,2,7,2,knight_kick1_02.png,-0.342858493,-0.006944444,70,144
90,2,7,3,knight_kick1_03.png,-0.600001097,-0.007092198,85,141
91,2,7,4,knight_kick1_04.png,-0.987806022,-0.079754598,82,163
92,2,7,5,knight_kick1_05.png,-0.58278209,-0.1165644,151,163
93,2,7,6,knight_kick1_06.png,-1.760000944,-0.093333326,75,150
94,2,7,7,knight_kick1_07.png,-1.829269052,-0.01360544,82,147
95,2,7,8,knight_kick1_08.png,-1.655557036,-0.01388889,90,144
96,2,7,9,knight_kick1_09.png,-2.318841934,-0.01360544,69,147
97,2,7,10,knight_kick1_10.png,-2.910716057,-0.006666667,56,150
98,2,7,11,knight_kick1_11.png,-2.836364985,-0.01369863,55,146
99,2,7,12,knight_kick1_12.png,-2.125000954,-0.0137931,64,145
100,2,7,13,knight_kick1_13.png,-2.01492691,-0.01324503,67,151
101,2,7,14,knight_kick1_14.png,-1.813334942,-0.01290323,75,155
102,2,7,15,knight_kick1_15.png,-1.789474964,-0.006410256,76,156
103,2,7,16,knight_kick1_16.png,-1.789474964,-0.006410256,76,156
104,2,7,17,knight_kick1_17.png,-1.789474964,-0.01298701,76,154
120,2,9,0,knight_kick2_00.png,0.314813107,-0.006493506,54,154
121,2,9,1,knight_kick2_01.png,0.189188004,-0.02325581,74,129
122,2,9,2,knight_kick2_02.png,-0.168675795,-0.01298701,83,154
123,2,9,3,knight_kick2_03.png,-0.95890528,-0.155844197,73,154
124,2,9,4,knight_kick2_04.png,-0.496454507,-0.133333296,141,150
125,2,9,5,knight_kick2_05.png,-0.65454632,-0.006944444,110,144
126,2,9,6,knight_kick2_06.png,-0.71296382,-0.006802721,108,147
127,2,9,7,knight_kick2_07.png,-0.681819022,-0.01282051,110,156
128,2,9,8,knight_kick2_08.png,-1.170732975,-0.01242236,82,161
129,2,9,9,knight_kick2_09.png,-1.170732975,-0.0130719,82,153
130,2,9,10,knight_kick2_10.png,-1.233767033,-0.006622517,77,151
131,2,9,11,knight_kick2_11.png,-1.250000954,-0.006535948,76,153
132,2,9,12,knight_kick2_12.png,-1.250000954,-0.01298701,76,154
133,2,9,13,knight_kick2_13.png,-1.250000954,-0.01298701,76,154
134,2,9,14,knight_kick2_14.png,-1.250000954,-0.01298701,76,154
135,2,10,0,knight_kick3_00.png,0.344826013,-0.01298701,58,154
136,2,10,1,knight_kick3_01.png,0.317458898,-0.01481481,63,135
137,2,10,2,knight_kick3_02.png,-0.229509696,-0.138364807,61,159
138,2,10,3,knight_kick3_03.png,-0.443039089,-0.284768194,79,151
139,2,10,4,knight_kick3_04.png,-0.279221386,-0.126582295,154,158
140,2,10,5,knight_kick3_05.png,-1.681820035,-0.086419746,66,162
141,2,10,6,knight_kick3_06.png,-0.750000775,-0.02515723,116,159
142,2,10,7,knight_kick3_07.png,-0.925000787,-0.007042253,120,142
143,2,10,8,knight_kick3_08.png,-1.168421984,0,95,130
144,2,10,9,knight_kick3_09.png,-1.180852056,-0.007692308,94,130
145,2,10,10,knight_kick3_10.png,-1.157896042,0,95,131
146,2,10,11,knight_kick3_11.png,-1.180852056,0,94,131
147,2,10,12,knight_kick3_12.png,-1.193549037,0,93,139
148,2,10,13,knight_kick3_13.png,-1.219781041,-0.006802721,91,147
149,2,10,14,knight_kick3_14.png,-1.404762983,-0.006578947,84,152
150,2,10,15,knight_kick3_15.png,-1.623378038,-0.01315789,77,152
151,2,10,16,knight_kick3_16.png,-1.657896042,-0.0130719,76,153
152,2,10,17,knight_kick3_17.png,-1.623378038,-0.01298701,77,154
153,2,11,0,knight_run_00.png,0.506492317,-0.006369427,77,157
154,2,11,1,knight_run_01.png,0.327584594,-0.01298701,58,154
155,2,11,2,knight_run_02.png,0.364863604,-0.032467529,74,154
156,2,11,3,knight_run_03.png,0.285713196,-0.018867919,84,159
157,2,11,4,knight_run_04.png,0.082190529,0.006329114,73,158
158,2,11,5,knight_run_05.png,-0.04477749,0.01298701,67,154
159,2,11,6,knight_run_06.png,0.333332211,-0.006535948,84,153
160,2,11,7,knight_run_07.png,0.459182709,-0.018750001,98,160
161,2,11,8,knight_run_08.png,0.506492317,-0.006369427,77,157
162,3,12,0,gladiator_kick1_00.png,0.443036795,-0.01242236,79,161
163,3,12,1,gladiator_kick1_01.png,-0.185186893,-0.018633541,54,161
164,3,12,2,gladiator_kick1_02.png,-0.34246701,-0.01333333,73,150
165,3,12,3,gladiator_kick1_03.png,-0.576088011,-0.006802721,92,147
166,3,12,4,gladiator_kick1_04.png,-0.953489423,-0.082352944,86,170
167,3,12,5,gladiator_kick1_05.png,-0.562092125,-0.115606897,153,173
168,3,12,6,gladiator_kick1_06.png,-1.717949986,-0.094339617,78,159
169,3,12,7,gladiator_kick1_07.png,-1.779070973,-0.01298701,86,154
170,3,12,8,gladiator_kick1_08.png,-1.715909958,-0.01324503,88,151
171,3,12,9,gladiator_kick1_09.png,-2.103897095,-0.01290323,77,155
172,3,12,10,gladiator_kick1_10.png,-2.913794994,-0.01282051,58,156
173,3,12,11,gladiator_kick1_11.png,-2.758621931,-0.0130719,58,153
174,3,12,12,gladiator_kick1_12.png,-2.058825016,-0.019867551,68,151
175,3,12,13,gladiator_kick1_13.png,-1.851353049,-0.01265823,74,158
176,3,12,14,gladiator_kick1_14.png,-1.75949502,-0.01234568,79,162
177,3,12,15,gladiator_kick1_15.png,-1.77215302,-0.006097561,79,164
178,3,12,16,gladiator_kick1_16.png,-1.77215302,-0.006134969,79,163
179,3,12,17,gladiator_kick1_17.png,-1.77215302,-0.01242236,79,161
180,3,13,0,gladiator_kick2_00.png,0.305083185,-0.0125,59,160
181,3,13,1,gladiator_kick2_01.png,0.194803998,-0.02205882,77,136
182,3,13,2,gladiator_kick2_02.png,-0.168540403,-0.018750001,89,160
183,3,13,3,gladiator_kick2_03.png,-0.924051821,-0.155279502,79,161
184,3,13,4,gladiator_kick2_04.png,-0.415585011,-0.132075503,154,159
185,3,13,5,gladiator_kick2_05.png,-0.612069726,-0.01333333,116,150
186,3,13,6,gladiator_kick2_06.png,-0.660870373,-0.0130719,115,153
187,3,13,7,gladiator_kick2_07.png,-0.586777627,-0.01219512,121,164
188,3,13,8,gladiator_kick2_08.png,-0.989474714,-0.01183432,95,169
189,3,13,9,gladiator_kick2_09.png,-1.100000978,-0.0125,90,160
190,3,13,10,gladiator_kick2_10.png,-1.195122957,-0.006329114,82,158
191,3,13,11,gladiator_kick2_11.png,-1.225000978,-0.0125,80,160
192,3,13,12,gladiator_kick2_12.png,-1.240507007,-0.01234568,79,162
193,3,13,13,gladiator_kick2_13.png,-1.212501049,-0.01234568,80,162
194,3,13,14,gladiator_kick2_14.png,-1.240507007,-0.01242236,79,161
195,3,14,0,gladiator_kick3_00.png,0.338981509,-0.01242236,59,161
196,3,14,1,gladiator_kick3_01.png,0.312498599,-0.0141844,64,141
197,3,14,2,gladiator_kick3_02.png,-0.208956599,-0.137724504,67,167
198,3,14,3,gladiator_kick3_03.png,-0.469880611,-0.286624193,83,157
199,3,14,4,gladiator_kick3_04.png,-0.2303036,-0.128048807,165,164
200,3,14,5,gladiator_kick3_05.png,-1.459460974,-0.087209299,74,172
201,3,14,6,gladiator_kick3_06.png,-0.750000775,-0.023668639,120,169
202,3,14,7,gladiator_kick3_07.png,-0.912000716,-0.006666667,125,150
203,3,14,8,gladiator_kick3_08.png,-1.151515961,-0.007352941,99,136
204,3,14,9,gladiator_kick3_09.png,-1.151515961,-0.00729927,99,137
205,3,14,10,gladiator_kick3_10.png,-1.163265944,-0.007352941,98,136
206,3,14,11,gladiator_kick3_11.png,-1.163265944,-0.007352941,98,136
207,3,14,12,gladiator_kick3_12.png,-1.175258994,-0.006944444,97,144
208,3,14,13,gladiator_kick3_13.png,-1.200001001,-0.006535948,95,153
209,3,14,14,gladiator_kick3_14.png,-1.375000954,-0.01273885,88,157
210,3,14,15,gladiator_kick3_15.png,-1.612501025,-0.01257862,80,159
211,3,14,16,gladiator_kick3_16.png,-1.645570993,-0.0125,79,160
212,3,14,17,gladiator_kick3_17.png,-1.612501025,-0.01242236,80,161
213,3,15,0,gladiator_run_00.png,0.506327927,-0.006060606,79,165
214,3,15,1,gladiator_run_01.png,0.333331794,-0.01242236,60,161
215,3,15,2,gladiator_run_02.png,0.354429185,-0.037267081,79,161
216,3,15,3,gladiator_run_03.png,0.266665608,-0.01785714,90,168
217,3,15,4,gladiator_run_04.png,0.075948209,0.006060606,79,165
218,3,15,5,gladiator_run_05.png,-0.041667938,0.00621118,72,161
219,3,15,6,gladiator_run_06.png,0.329544395,-0.00625,88,160
220,3,15,7,gladiator_run_07.png,0.455444604,-0.0239521,101,167
221,3,15,8,gladiator_run_08.png,0.506327927,-0.006060606,79,165
222,3,16,0,gladiator_walk_00.png,0.27692169,-0.01257862,65,159
223,3,16,1,gladiator_walk_01.png,0.323528111,-0.00625,68,160
224,3,16,2,gladiator_walk_02.png,0.423075706,-0.019108281,78,157
225,3,16,3,gladiator_walk_03.png,0.475608587,0,82,159
226,3,16,4,gladiator_walk_04.png,0.48749879,0,80,158
227,3,16,5,gladiator_walk_05.png,0.414284408,0,70,159
228,3,16,6,gladiator_walk_06.png,0.348483503,0,66,160
229,3,16,7,gladiator_walk_07.png,0.417720288,-0.00621118,79,161
230,3,16,8,gladiator_walk_08.png,0.429999113,-0.018867919,100,159
231,3,16,9,gladiator_walk_09.png,0.504853487,-0.01265823,103,158
232,3,16,10,gladiator_walk_10.png,0.499999106,-0.01273885,100,157
233,3,16,11,gladiator_walk_11.png,0.435292989,-0.006289308,85,159
234,3,16,12,gladiator_walk_12.png,0.27692169,-0.01257862,65,159
235,4,17,0,hunter_kick1_00.png,0.41538319,0,65,138
236,4,17,1,hunter_kick1_01.png,0.063490607,0,63,139
237,4,17,2,hunter_kick1_02.png,-0.287880212,0,66,130
238,4,17,3,hunter_kick1_03.png,-0.513514817,0.0078125,74,128
239,4,17,4,hunter_kick1_04.png,-0.615385771,-0.0625,78,144
240,4,17,5,hunter_kick1_05.png,-0.427481592,-0.096551716,131,145
241,4,17,6,hunter_kick1_06.png,-1.627120018,-0.066176467,59,136
242,4,17,7,hunter_kick1_07.png,-1.46666801,0,75,133
243,4,17,8,hunter_kick1_08.png,-1.325302005,0,83,130
244,4,17,9,hunter_kick1_09.png,-1.695654035,0,69,133
245,4,17,10,hunter_kick1_10.png,-2.000000954,0.007407407,60,135
246,4,17,11,hunter_kick1_11.png,-1.692309022,0,65,132
247,4,17,12,hunter_kick1_12.png,-1.420290947,0,69,131
248,4,17,13,hunter_kick1_13.png,-1.531250954,0,64,136
249,4,17,14,hunter_kick1_14.png,-1.484850049,0,66,139
250,4,17,15,hunter_kick1_15.png,-1.619048953,0.007142857,63,140
251,4,17,16,hunter_kick1_16.png,-1.650794983,0,63,139
252,4,17,17,hunter_kick1_17.png,-1.600000978,0,65,138
253,4,18,0,hunter_kick2_00.png,0.293101907,0,58,138
254,4,18,1,hunter_kick2_01.png,0.157141596,-0.008403362,70,119
255,4,18,2,hunter_kick2_02.png,-0.142858401,0,70,138
256,4,18,3,hunter_kick2_03.png,-0.657144189,-0.139705896,70,136
257,4,18,4,hunter_kick2_04.png,-0.317073911,-0.1037037,123,135
258,4,18,5,hunter_kick2_05.png,-0.424243391,0.007692308,99,130
259,4,18,6,hunter_kick2_06.png,-0.515790522,0,95,130
260,4,18,7,hunter_kick2_07.png,-0.489584297,0,96,139
261,4,18,8,hunter_kick2_08.png,-0.812501073,0,80,144
262,4,18,9,hunter_kick2_09.png,-1.02816999,0,71,137
263,4,18,10,hunter_kick2_10.png,-1.057971954,0.007352941,69,136
264,4,18,11,hunter_kick2_11.png,-1.074627995,0,67,137
265,4,18,12,hunter_kick2_12.png,-1.090909958,0,66,139
266,4,18,13,hunter_kick2_13.png,-1.10769403,0,65,139
267,4,18,14,hunter_kick2_14.png,-1.10769403,0,65,138
268,4,19,0,hunter_kick3_00.png,0.293101907,0,58,138
269,4,19,1,hunter_kick3_01.png,0.285712808,0,63,123
270,4,19,2,hunter_kick3_02.png,-0.047620501,-0.120567396,63,141
271,4,19,3,hunter_kick3_03.png,-0.324325591,-0.246268705,74,134
272,4,19,4,hunter_kick3_04.png,-0.150376603,-0.107913703,133,139
273,4,19,5,hunter_kick3_05.png,-1.392858982,-0.068965517,56,145
274,4,19,6,hunter_kick3_06.png,-0.717392325,-0.006944444,92,144
275,4,19,7,hunter_kick3_07.png,-0.809524715,0.007692308,105,130
276,4,19,8,hunter_kick3_08.png,-1.133334994,0.008403362,75,119
277,4,19,9,hunter_kick3_09.png,-1.14865005,0.008403362,74,119
278,4,19,10,hunter_kick3_10.png,-1.164384961,0.008403362,73,119
279,4,19,11,hunter_kick3_11.png,-1.164384961,0.008474576,73,118
280,4,19,12,hunter_kick3_12.png,-1.180557013,0.008,72,125
281,4,19,13,hunter_kick3_13.png,-1.133334994,0.007575758,75,132
282,4,19,14,hunter_kick3_14.png,-1.281690955,0.007352941,71,136
283,4,19,15,hunter_kick3_15.png,-1.439394951,0,66,137
284,4,19,16,hunter_kick3_16.png,-1.476925015,0,65,137
285,4,19,17,hunter_kick3_17.png,-1.476925015,0,65,138
286,4,20,0,hunter_run_00.png,0.430554301,0.007042253,72,142
287,4,20,1,hunter_run_01.png,0.322579205,0,62,138
288,4,20,2,hunter_run_02.png,0.309857905,-0.021739131,71,138
289,4,20,3,hunter_run_03.png,0.246752098,-0.006993007,77,143
290,4,20,4,hunter_run_04.png,0.07246244,0.0141844,69,141
291,4,20,5,hunter_run_05.png,-0.031251431,0.01449275,64,138
292,4,20,6,hunter_run_06.png,0.291138113,0,79,137
293,4,20,7,hunter_run_07.png,0.426828086,-0.006993007,82,143
294,4,20,8,hunter_run_08.png,0.430554301,0.007042253,72,142
295,4,21,0,hunter_walk_00.png,0.338708192,0.007246377,62,138
296,4,21,1,hunter_walk_01.png,0.338708192,0.007246377,62,138
297,4,21,2,hunter_walk_02.png,0.384613991,-0.007407407,65,135
298,4,21,3,hunter_walk_03.png,0.441175103,0.007352941,68,136
299,4,21,4,hunter_walk_04.png,0.454544097,0.01459854,66,137
300,4,21,5,hunter_walk_05.png,0.419353396,0.01459854,62,137
301,4,21,6,hunter_walk_06.png,0.393441111,0.01449275,61,138
302,4,21,7,hunter_walk_07.png,0.390623599,0.007246377,64,138
303,4,21,8,hunter_walk_08.png,0.439998806,0,75,137
304,4,21,9,hunter_walk_09.png,0.475608587,0,82,136
305,4,21,10,hunter_walk_10.png,0.468353301,0.00729927,79,137
306,4,21,11,hunter_walk_11.png,0.405795813,0.00729927,69,137
307,4,21,12,hunter_walk_12.png,0.338708192,0.007246377,62,138
308,5,22,0,meia_kick1_00.png,0.424241006,-0.01438849,66,139
309,5,22,1,meia_kick1_01.png,-0.111112803,-0.01438849,54,139
310,5,22,2,meia_kick1_02.png,-0.298508793,-0.01538462,67,130
311,5,22,3,meia_kick1_03.png,-0.583334625,-0.0078125,72,128
312,5,22,4,meia_kick1_04.png,-0.705129385,-0.08219178,78,146
313,5,22,5,meia_kick1_05.png,-0.496183902,-0.109589003,131,146
314,5,22,6,meia_kick1_06.png,-1.65573895,-0.088235296,61,136
315,5,22,7,meia_kick1_07.png,-1.621623039,-0.01492537,74,134
316,5,22,8,meia_kick1_08.png,-1.469136953,-0.01538462,81,130
317,5,22,9,meia_kick1_09.png,-1.895524025,-0.01503759,67,133
318,5,22,10,meia_kick1_10.png,-2.418184042,-0.007407407,55,135
319,5,22,11,meia_kick1_11.png,-2.192984104,-0.007518797,57,133
320,5,22,12,meia_kick1_12.png,-1.761906028,-0.01526718,63,131
321,5,22,13,meia_kick1_13.png,-1.800001979,-0.01470588,60,136
322,5,22,14,meia_kick1_14.png,-1.803279996,-0.01438849,61,139
323,5,22,15,meia_kick1_15.png,-1.774194956,-0.007142857,62,140
324,5,22,16,meia_kick1_16.png,-1.718750954,-0.007142857,64,140
325,5,22,17,meia_kick1_17.png,-1.666668057,-0.01438849,66,139
326,5,23,0,meia_kick2_00.png,0.259257615,-0.01449275,54,138
327,5,23,1,meia_kick2_01.png,0.154928297,-0.02542373,71,118
328,5,23,2,meia_kick2_02.png,-0.171429902,-0.01449275,70,138
329,5,23,3,meia_kick2_03.png,-0.890626371,-0.152173907,64,138
330,5,23,4,meia_kick2_04.png,-0.425000787,-0.125925899,120,135
331,5,23,5,meia_kick2_05.png,-0.525774121,-0.007692308,97,130
332,5,23,6,meia_kick2_06.png,-0.612904191,-0.007575758,93,132
333,5,23,7,meia_kick2_07.png,-0.606383979,-0.01428571,94,140
334,5,23,8,meia_kick2_08.png,-1.000000954,-0.01388889,75,144
335,5,23,9,meia_kick2_09.png,-1.114287019,-0.01459854,70,137
336,5,23,10,meia_kick2_10.png,-1.100000978,-0.007352941,70,136
337,5,23,11,meia_kick2_11.png,-1.132354021,-0.007246377,68,138
338,5,23,12,meia_kick2_12.png,-1.166668057,-0.01438849,66,139
339,5,23,13,meia_kick2_13.png,-1.184617043,-0.01438849,65,139
340,5,23,14,meia_kick2_14.png,-1.166668057,-0.01438849,66,139
341,5,24,0,meia_kick3_00.png,0.280700088,-0.007142857,57,140
342,5,24,1,meia_kick3_01.png,0.262293607,-0.01639344,61,122
343,5,24,2,meia_kick3_02.png,-0.196430206,-0.133802801,56,142
344,5,24,3,meia_kick3_03.png,-0.492309093,-0.26666671,65,135
345,5,24,4,meia_kick3_04.png,-0.212121904,-0.120567396,132,141
346,5,24,5,meia_kick3_05.png,-1.581820011,-0.08275862,55,145
347,5,24,6,meia_kick3_06.png,-0.774194479,-0.02797203,93,143
348,5,24,7,meia_kick3_07.png,-0.866667509,-0.007692308,105,130
349,5,24,8,meia_kick3_08.png,-1.197370052,-0.008474576,76,118
350,5,24,9,meia_kick3_09.png,-1.197370052,0,76,119
351,5,24,10,meia_kick3_10.png,-1.197370052,0,76,119
352,5,24,11,meia_kick3_11.png,-1.197370052,0,76,119
353,5,24,12,meia_kick3_12.png,-1.213335037,-0.008064516,75,124
354,5,24,13,meia_kick3_13.png,-1.213335037,-0.007575758,75,132
355,5,24,14,meia_kick3_14.png,-1.333335042,-0.007352941,72,136
356,5,24,15,meia_kick3_15.png,-1.569231987,-0.007246377,65,138
357,5,24,16,meia_kick3_16.png,-1.569231987,-0.01449275,65,138
358,5,24,17,meia_kick3_17.png,-1.545456052,-0.007194245,66,139
359,5,25,0,meia_run_00.png,0.442855805,-0.007042253,70,142
360,5,25,1,meia_run_01.png,0.267855495,-0.01438849,56,139
361,5,25,2,meia_run_02.png,0.314284414,-0.035971221,70,139
362,5,25,3,meia_run_03.png,0.249998793,-0.020979021,76,143
363,5,25,4,meia_run_04.png,0.059700131,0,67,142
364,5,25,5,meia_run_05.png,-0.047620501,0.007194245,63,139
365,5,25,6,meia_run_06.png,0.294870585,-0.01459854,78,137
366,5,25,7,meia_run_07.png,0.439023286,-0.02083333,82,144
367,5,25,8,meia_run_08.png,0.442855805,-0.007042253,70,142
368,5,26,0,meia_walk_00.png,0.259257615,-0.007246377,54,138
369,5,26,1,meia_walk_01.png,0.298243999,-0.007246377,57,138
370,5,26,2,meia_walk_02.png,0.390623599,-0.022222221,64,135
371,5,26,3,meia_walk_03.png,0.447759807,-0.007352941,67,136
372,5,26,4,meia_walk_04.png,0.461537093,0,65,136
373,5,26,5,meia_walk_05.png,0.385963291,0,57,137
374,5,26,6,meia_walk_06.png,0.339284092,0,56,138
375,5,26,7,meia_walk_07.png,0.399998605,-0.007246377,65,138
376,5,26,8,meia_walk_08.png,0.435896188,-0.01459854,78,137
377,5,26,9,meia_walk_09.png,0.488094211,-0.01470588,84,136
378,5,26,10,meia_walk_10.png,0.48148039,-0.007352941,81,136
379,5,26,11,meia_walk_11.png,0.405795813,-0.00729927,69,137
380,5,26,12,meia_walk_12.png,0.259257615,-0.007246377,54,138
381,6,27,0,erana_kick1_00.png,0.432834387,0,67,143
382,6,27,1,erana_kick1_01.png,-0.111112803,0,54,143
383,6,27,2,erana_kick1_02.png,-0.298508793,0,67,134
384,6,27,3,erana_kick1_03.png,-0.538462698,0.007575758,78,132
385,6,27,4,erana_kick1_04.png,-0.604652226,-0.059602652,86,151
386,6,27,5,erana_kick1_05.png,-0.464286387,-0.092105262,140,152
387,6,27,6,erana_kick1_06.png,-1.625000954,-0.070921987,64,141
388,6,27,7,erana_kick1_07.png,-1.544304967,-0.00729927,79,137
389,6,27,8,erana_kick1_08.png,-1.375000954,0,88,134
390,6,27,9,erana_kick1_09.png,-1.911766052,0,68,137
391,6,27,10,erana_kick1_10.png,-2.490911007,0,55,138
392,6,27,11,erana_kick1_11.png,-2.363637924,0,55,136
393,6,27,12,erana_kick1_12.png,-1.809525013,0,63,135
394,6,27,13,erana_kick1_13.png,-1.836066961,0,61,141
395,6,27,14,erana_kick1_14.png,-1.712123036,0,66,143
396,6,27,15,erana_kick1_15.png,-1.686568022,0.006896552,67,145
397,6,27,16,erana_kick1_16.png,-1.686568022,0.006944444,67,144
398,6,27,17,erana_kick1_17.png,-1.686568022,0,67,143
399,6,28,0,erana_kick2_00.png,0.285712689,0,56,142
400,6,28,1,erana_kick2_01.png,0.1690128,-0.008196721,71,122
401,6,28,2,erana_kick2_02.png,-0.142858297,0,77,143
402,6,28,3,erana_kick2_03.png,-0.716217518,-0.133802801,74,142
403,6,28,4,erana_kick2_04.png,-0.387597591,-0.107142903,129,140
404,6,28,5,erana_kick2_05.png,-0.425926805,0.007462686,108,134
405,6,28,6,erana_kick2_06.png,-0.49523899,0,105,135
406,6,28,7,erana_kick2_07.png,-0.580000877,0,100,144
407,6,28,8,erana_kick2_08.png,-0.951220572,0,82,149
408,6,28,9,erana_kick2_09.png,-1.066668034,0,75,142
409,6,28,10,erana_kick2_10.png,-1.126762033,0.007142857,71,140
410,6,28,11,erana_kick2_11.png,-1.144929051,0.007042253,69,142
411,6,28,12,erana_kick2_12.png,-1.179105997,0,67,143
412,6,28,13,erana_kick2_13.png,-1.179105997,0,67,143
413,6,28,14,erana_kick2_14.png,-1.179105997,0,67,143
414,6,29,0,erana_kick3_00.png,0.285712689,0,56,143
415,6,29,1,erana_kick3_01.png,0.262293607,0,61,126
416,6,29,2,erana_kick3_02.png,-0.186442196,-0.115646303,59,147
417,6,29,3,erana_kick3_03.png,-0.3972615,-0.242857099,73,140
418,6,29,4,erana_kick3_04.png,-0.192857802,-0.102739699,140,146
419,6,29,5,erana_kick3_05.png,-1.517243028,-0.06666667,58,150
420,6,29,6,erana_kick3_06.png,-0.696079314,-0.006711409,102,149
421,6,29,7,erana_kick3_07.png,-0.812500775,0.007462686,112,134
422,6,29,8,erana_kick3_08.png,-1.108435035,0.008196721,83,122
423,6,29,9,erana_kick3_09.png,-1.108435035,0.008196721,83,122
424,6,29,10,erana_kick3_10.png,-1.096387029,0.008196721,83,122
425,6,29,11,erana_kick3_11.png,-1.108435035,0.008196721,83,122
426,6,29,12,erana_kick3_12.png,-1.135804057,0.007751938,81,129
427,6,29,13,erana_kick3_13.png,-1.137501001,0.007352941,80,136
428,6,29,14,erana_kick3_14.png,-1.324326038,0,74,140
429,6,29,15,erana_kick3_15.png,-1.552240014,0,67,141
430,6,29,16,erana_kick3_16.png,-1.590909958,0,66,142
431,6,29,17,erana_kick3_17.png,-1.567165017,0,67,143
432,6,30,0,erana_run_00.png,0.465752214,0.006849315,73,146
433,6,30,1,erana_run_01.png,0.298243999,0,57,143
434,6,30,2,erana_run_02.png,0.333332092,-0.020979021,72,143
435,6,30,3,erana_run_03.png,0.269229591,-0.006756757,78,148
436,6,30,4,erana_run_04.png,0.085712977,0.01369863,70,146
437,6,30,5,erana_run_05.png,-0.046876431,0.020979021,64,143
438,6,30,6,erana_run_06.png,0.312498897,0,80,141
439,6,30,7,erana_run_07.png,0.458822489,-0.006756757,85,148
440,6,30,8,erana_run_08.png,0.465752214,0.006849315,73,146
441,6,31,0,erana_walk_00.png,0.259257615,0.007042253,54,142
442,6,31,1,erana_walk_01.png,0.310343206,0.007042253,58,142
443,6,31,2,erana_walk_02.png,0.409089506,-0.007194245,66,139
444,6,31,3,erana_walk_03.png,0.471427292,0.007142857,70,140
445,6,31,4,erana_walk_04.png,0.485292792,0.0141844,68,141
446,6,31,5,erana_walk_05.png,0.406778097,0.0141844,59,141
447,6,31,6,erana_walk_06.png,0.345452905,0.01408451,55,142
448,6,31,7,erana_walk_07.png,0.409089506,0.007042253,66,142
449,6,31,8,erana_walk_08.png,0.4285703,-0.007142857,84,140
450,6,31,9,erana_walk_09.png,0.499998897,0,86,140
451,6,31,10,erana_walk_10.png,0.494116604,0.007092198,85,141
452,6,31,11,erana_walk_11.png,0.430554301,0.007092198,72,141
453,6,31,12,erana_walk_12.png,0.259257615,0.007042253,54,142
454,7,32,0,wizard_kick1_00.png,0.453123599,-0.01282051,64,156
455,7,32,1,wizard_kick1_01.png,-0.204547495,-0.01265823,44,158
456,7,32,2,wizard_kick1_02.png,-0.366668195,-0.006756757,60,148
457,7,32,3,wizard_kick1_03.png,-0.685715616,-0.006849315,70,146
458,7,32,4,wizard_kick1_04.png,-0.790124595,-0.07692308,81,169
459,7,32,5,wizard_kick1_05.png,-0.535714924,-0.107784398,140,167
460,7,32,6,wizard_kick1_06.png,-1.809525013,-0.082802549,63,157
461,7,32,7,wizard_kick1_07.png,-1.756757975,-0.01315789,74,152
462,7,32,8,wizard_kick1_08.png,-1.597561955,-0.0137931,82,145
463,7,32,9,wizard_kick1_09.png,-2.206351042,-0.01333333,63,150
464,7,32,10,wizard_kick1_10.png,-2.979593992,-0.006578947,49,152
465,7,32,11,wizard_kick1_11.png,-2.854168892,-0.01333333,48,150
466,7,32,12,wizard_kick1_12.png,-2.218183994,-0.01333333,55,150
467,7,32,13,wizard_kick1_13.png,-2.087721109,-0.01298701,57,154
468,7,32,14,wizard_kick1_14.png,-1.86153996,-0.01273885,65,157
469,7,32,15,wizard_kick1_15.png,-1.906250954,-0.006329114,64,158
470,7,32,16,wizard_kick1_16.png,-1.906250954,-0.006329114,64,158
471,7,32,17,wizard_kick1_17.png,-1.906250954,-0.01282051,64,156
472,7,33,0,wizard_kick2_00.png,0.312498093,-0.006410256,48,156
473,7,33,1,wizard_kick2_01.png,0.181816801,-0.022222221,66,135
474,7,33,2,wizard_kick2_02.png,-0.205883697,-0.01282051,68,156
475,7,33,3,wizard_kick2_03.png,-1.032788038,-0.149350598,61,154
476,7,33,4,wizard_kick2_04.png,-0.4841277,-0.116129003,126,155
477,7,33,5,wizard_kick2_05.png,-0.626263618,-0.01351351,99,148
478,7,33,6,wizard_kick2_06.png,-0.734043479,-0.01369863,94,146
479,7,33,7,wizard_kick2_07.png,-0.687501013,-0.01257862,96,159
480,7,33,8,wizard_kick2_08.png,-1.121623039,-0.01219512,74,164
481,7,33,9,wizard_kick2_09.png,-1.275364041,-0.01290323,69,155
482,7,33,10,wizard_kick2_10.png,-1.264706969,-0.006535948,68,153
483,7,33,11,wizard_kick2_11.png,-1.323078036,-0.01290323,65,155
484,7,33,12,wizard_kick2_12.png,-1.307693958,-0.01273885,65,157
485,7,33,13,wizard_kick2_13.png,-1.307693958,-0.01282051,65,156
486,7,33,14,wizard_kick2_14.png,-1.307693958,-0.01273885,65,157
487,7,34,0,wizard_kick3_00.png,0.339998186,-0.01282051,50,156
488,7,34,1,wizard_kick3_01.png,0.303569794,-0.01459854,56,137
489,7,34,2,wizard_kick3_02.png,-0.260001808,-0.131249994,50,160
490,7,34,3,wizard_kick3_03.png,-0.545455873,-0.263157904,66,152
491,7,34,4,wizard_kick3_04.png,-0.258993506,-0.1165644,139,163
492,7,34,5,wizard_kick3_05.png,-1.573771954,-0.084337354,61,166
493,7,34,6,wizard_kick3_06.png,-0.808081686,-0.02424242,99,165
494,7,34,7,wizard_kick3_07.png,-0.953271925,-0.006756757,107,148
495,7,34,8,wizard_kick3_08.png,-1.307693005,-0.007518797,78,133
496,7,34,9,wizard_kick3_09.png,-1.307693005,-0.007692308,78,130
497,7,34,10,wizard_kick3_10.png,-1.27848196,-0.007692308,79,130
498,7,34,11,wizard_kick3_11.png,-1.307693005,-0.007575758,78,132
499,7,34,12,wizard_kick3_12.png,-1.324676991,-0.007142857,77,140
500,7,34,13,wizard_kick3_13.png,-1.360000968,-0.006711409,75,149
501,7,34,14,wizard_kick3_14.png,-1.565219045,-0.0130719,69,153
502,7,34,15,wizard_kick3_15.png,-1.723078012,-0.01298701,65,154
503,7,34,16,wizard_kick3_16.png,-1.765625954,-0.01282051,64,156
504,7,34,17,wizard_kick3_17.png,-1.765625954,-0.01282051,64,156
505,7,35,0,wizard_run_00.png,0.515623629,-0.00621118,64,161
506,7,35,1,wizard_run_01.png,0.319998205,-0.01282051,50,156
507,7,35,2,wizard_run_02.png,0.348483503,-0.038709681,66,155
508,7,35,3,wizard_run_03.png,0.287669986,-0.018518521,73,162
509,7,35,4,wizard_run_04.png,0.078123569,0,64,160
510,7,35,5,wizard_run_05.png,-0.06779816,0.006410256,59,156
511,7,35,6,wizard_run_06.png,0.324323088,-0.01298701,74,154
512,7,35,7,wizard_run_07.png,0.457830191,-0.018518521,83,162
513,7,35,8,wizard_run_08.png,0.515623629,-0.00621118,64,161
514,7,36,0,wizard_walk_00.png,0.307690591,-0.006451613,52,155
515,7,36,1,wizard_walk_01.png,0.339620888,-0.006410256,53,156
516,7,36,2,wizard_walk_02.png,0.433331788,-0.01960784,60,153
517,7,36,3,wizard_walk_03.png,0.492306292,-0.006493506,65,154
518,7,36,4,wizard_walk_04.png,0.507934988,0,63,154
519,7,36,5,wizard_walk_05.png,0.433960497,0,53,155
520,7,36,6,wizard_walk_06.png,0.372547209,0,51,156
521,7,36,7,wizard_walk_07.png,0.444442987,-0.006410256,63,156
522,7,36,8,wizard_walk_08.png,0.43373391,-0.01298701,83,154
523,7,36,9,wizard_walk_09.png,0.50602299,-0.01298701,83,154
524,7,36,10,wizard_walk_10.png,0.51281929,-0.006493506,78,154
525,7,36,11,wizard_walk_11.png,0.439392596,-0.006493506,66,154
526,7,36,12,wizard_walk_12.png,0.307690591,-0.006451613,52,155
527,8,37,0,crow_kick1_00.png,0.459458202,0,74,146
528,8,37,1,crow_kick1_01.png,-0.100001797,-0.006896552,50,145
529,8,37,2,crow_kick1_02.png,-0.384616792,-0.007407407,65,135
530,8,37,3,crow_kick1_03.png,-0.671053827,0,76,133
531,8,37,4,crow_kick1_04.png,-1.23287797,-0.084967323,73,153
532,8,37,5,crow_kick1_05.png,-0.659722924,-0.125,144,152
533,8,37,6,crow_kick1_06.png,-2.030771017,-0.092857137,65,140
534,8,37,7,crow_kick1_07.png,-2.013514996,-0.00729927,74,137
535,8,37,8,crow_kick1_08.png,-1.974027038,0,77,136
536,8,37,9,crow_kick1_09.png,-2.5901649,0,61,139
537,8,37,10,crow_kick1_10.png,-2.785716057,0,56,141
538,8,37,11,crow_kick1_11.png,-2.960786104,0,51,139
539,8,37,12,crow_kick1_12.png,-2.428572893,-0.00729927,56,137
540,8,37,13,crow_kick1_13.png,-2.288136959,0,59,144
541,8,37,14,crow_kick1_14.png,-1.888890028,0,72,147
542,8,37,15,crow_kick1_15.png,-1.863015056,0.006756757,73,148
543,8,37,16,crow_kick1_16.png,-1.824326038,0.006756757,74,148
544,8,37,17,crow_kick1_17.png,-1.824326038,0,74,146
545,8,38,0,crow_kick2_00.png,0.428569794,0,56,145
546,8,38,1,crow_kick2_01.png,0.212119803,-0.008196721,66,122
547,8,38,2,crow_kick2_02.png,-0.168832406,-0.006896552,77,145
548,8,38,3,crow_kick2_03.png,-0.766234875,-0.166666701,77,144
549,8,38,4,crow_kick2_04.png,-0.59542048,-0.134751797,131,141
550,8,38,5,crow_kick2_05.png,-0.801981091,0,101,135
551,8,38,6,crow_kick2_06.png,-0.778846979,0,104,139
552,8,38,7,crow_kick2_07.png,-0.811882079,-0.006802721,101,147
553,8,38,8,crow_kick2_08.png,-1.422536016,-0.006622517,71,151
554,8,38,9,crow_kick2_09.png,-1.297299027,0,74,145
555,8,38,10,crow_kick2_10.png,-1.283784986,0.006993007,74,143
556,8,38,11,crow_kick2_11.png,-1.283784986,0,74,144
557,8,38,12,crow_kick2_12.png,-1.283784986,0,74,146
558,8,38,13,crow_kick2_13.png,-1.301370978,0,73,146
559,8,38,14,crow_kick2_14.png,-1.301370978,0,73,146
560,8,39,0,crow_kick3_00.png,0.428569794,0,56,146
561,8,39,1,crow_kick3_01.png,0.349998504,0,60,127
562,8,39,2,crow_kick3_02.png,-0.169493094,-0.147651002,59,149
563,8,39,3,crow_kick3_03.png,-0.58823657,-0.314285696,68,140
564,8,39,4,crow_kick3_04.png,-0.368056208,-0.135135099,144,148
565,8,39,5,crow_kick3_05.png,-1.965518951,-0.093333326,58,150
566,8,39,6,crow_kick3_06.png,-0.792793572,-0.020134229,111,149
567,8,39,7,crow_kick3_07.png,-1.018182993,0.007462686,110,134
568,8,39,8,crow_kick3_08.png,-1.255556941,0.008196721,90,122
569,8,39,9,crow_kick3_09.png,-1.255556941,0.008130081,90,123
570,8,39,10,crow_kick3_10.png,-1.244444966,0.008130081,90,123
571,8,39,11,crow_kick3_11.png,-1.269664049,0.008196721,89,122
572,8,39,12,crow_kick3_12.png,-1.258427978,0.007692308,89,130
573,8,39,13,crow_kick3_13.png,-1.313954949,0.007194245,86,139
574,8,39,14,crow_kick3_14.png,-1.487501025,0,80,143
575,8,39,15,crow_kick3_15.png,-1.68919003,0,74,144
576,8,39,16,crow_kick3_16.png,-1.726029038,0,73,145
577,8,39,17,crow_kick3_17.png,-1.68919003,0,74,146
578,8,40,0,crow_run_00.png,0.542855918,0.006711409,70,149
579,8,40,1,crow_run_01.png,0.396224707,-0.006896552,53,145
580,8,40,2,crow_run_02.png,0.405795813,-0.03472222,69,144
581,8,40,3,crow_run_03.png,0.3164545,-0.01333333,79,150
582,8,40,4,crow_run_04.png,0.102939799,0.02,68,150
583,8,40,5,crow_run_05.png,-0.06666819,0.01388889,60,144
584,8,40,6,crow_run_06.png,0.367087513,-0.006993007,79,143
585,8,40,7,crow_run_07.png,0.468748987,-0.01333333,96,150
586,8,40,8,crow_run_08.png,0.542855918,0.006711409,70,149
587,8,41,0,crow_walk_00.png,0.351850212,0,54,144
588,8,41,1,crow_walk_01.png,0.374998391,0,56,144
589,8,41,2,crow_walk_02.png,0.484373599,-0.0141844,64,141
590,8,41,3,crow_walk_03.png,0.536230624,0.006993007,69,143
591,8,41,4,crow_walk_04.png,0.567162812,0.01398601,67,143
592,8,41,5,crow_walk_05.png,0.491226494,0.01398601,57,143
593,8,41,6,crow_walk_06.png,0.436361998,0.0137931,55,145
594,8,41,7,crow_walk_07.png,0.438354909,0,73,144
595,8,41,8,crow_walk_08.png,0.437498987,-0.006993007,96,143
596,8,41,9,crow_walk_09.png,0.520832419,-0.007042253,96,142
597,8,41,10,crow_walk_10.png,0.552940071,0.006993007,85,143
598,8,41,11,crow_walk_11.png,0.485713005,0.006944444,70,144
599,8,41,12,crow_walk_12.png,0.351850212,0,54,144
